-5.000000000000000000e-01 0.000000000000000000e+00
-4.916387959866220791e-01 1.529227341965548559e-07
-4.832775919732441583e-01 1.204599990318285590e-06
-4.749163879598662374e-01 4.003111628272203447e-06
-4.665551839464883166e-01 9.343191194680212135e-06
-4.581939799331103957e-01 1.796829466967124017e-05
-4.498327759197324749e-01 3.057260525226483601e-05
-4.414715719063544985e-01 4.780297591179699272e-05
-4.331103678929765777e-01 7.026081139022767900e-05
-4.247491638795986568e-01 9.850389129851189944e-05
-4.163879598662207360e-01 1.330481359095435519e-04
-4.080267558528428151e-01 1.743693162104920731e-04
-3.996655518394648943e-01 2.229047097385853185e-04
-3.913043478260869734e-01 2.790547036862010941e-04
-3.829431438127090526e-01 3.431843467245778269e-04
-3.745819397993310762e-01 4.156248509590654912e-04
-3.662207357859531554e-01 4.966750453931765468e-04
-3.578595317725752345e-01 5.866027822447758772e-04
-3.494983277591973136e-01 6.856462974238666103e-04
-3.411371237458193928e-01 7.940155264484609083e-04
-3.327759197324414719e-01 9.118933770425558059e-04
-3.244147157190635511e-01 1.039436959629512275e-03
-3.160535117056856302e-01 1.176778776903723931e-03
-3.076923076923077094e-01 1.324027873631535577e-03
-2.993311036789297885e-01 1.481270947805994739e-03
-2.909698996655518677e-01 1.648573424250446805e-03
-2.826086956521739468e-01 1.825980491735936960e-03
-2.742474916387960260e-01 2.013518104653350821e-03
-2.658862876254181051e-01 2.211193950253763883e-03
-2.575250836120401843e-01 2.418998382444147860e-03
-2.491638795986622079e-01 2.636905323098446587e-03
-2.408026755852842871e-01 2.864873131823175625e-03
-2.324414715719063662e-01 3.102845445090852104e-03
-2.240802675585284454e-01 3.350751985629259536e-03
-2.157190635451505245e-01 3.608509342933072326e-03
-2.073578595317726037e-01 3.876021725743207177e-03
-1.989966555183946828e-01 4.153181687316238359e-03
-1.906354515050167620e-01 4.439870824282980688e-03
-1.822742474916387856e-01 4.735960449876860587e-03
-1.739130434782608647e-01 5.041312242294356503e-03
-1.655518394648829439e-01 5.355778868920238987e-03
-1.571906354515050230e-01 5.679204587147854838e-03
-1.488294314381271022e-01 6.011425822489326574e-03
-1.404682274247491813e-01 6.352271724655154939e-03
-1.321070234113712605e-01 6.701564702278161104e-03
-1.237458193979933396e-01 7.059120936927055362e-03
-1.153846153846154188e-01 7.424750877026467868e-03
-1.070234113712374979e-01 7.798259712314745476e-03
-9.866220735785957707e-02 8.179447829428166186e-03
-9.030100334448160071e-02 8.568111249191280240e-03
-8.193979933110367986e-02 8.964042046187295498e-03
-7.357859531772575901e-02 9.367028751141892942e-03
-6.521739130434783815e-02 9.776856736681174831e-03
-5.685618729096991730e-02 1.019330858695732984e-02
-4.849498327759199645e-02 1.061616445168011083e-02
-4.013377926421407560e-02 1.104520238501390493e-02
-3.177257525083615475e-02 1.148019866984452755e-02
-2.341137123745823390e-02 1.192092812787947341e-02
-1.505016722408031304e-02 1.236716441602139609e-02
-6.688963210702336681e-03 1.281868030948314294e-02
1.672240802675584170e-03 1.327524797204105399e-02
1.003344481605350502e-02 1.373663921386760432e-02
1.839464882943142587e-02 1.420262573735892909e-02
2.675585284280934673e-02 1.467297937131086145e-02
3.511705685618726758e-02 1.514747229386549134e-02
4.347826086956518843e-02 1.562587724460680338e-02
5.183946488294310928e-02 1.610796772612477223e-02
6.020066889632103013e-02 1.659351819545328705e-02
6.856187290969895098e-02 1.708230424567542052e-02
7.692307692307687184e-02 1.757410277807239588e-02
8.528428093645479269e-02 1.806869216513086809e-02
9.364548494983271354e-02 1.856585240468123371e-02
1.020066889632106344e-01 1.906536526554135705e-02
1.103678929765885552e-01 1.956701442490858117e-02
1.187290969899664761e-01 2.007058559781499385e-02
1.270903010033445080e-01 2.057586665892320935e-02
1.354515050167224288e-01 2.108264775691202214e-02
1.438127090301003497e-01 2.159072142178811507e-02
1.521739130434782705e-01 2.209988266526373771e-02
1.605351170568561914e-01 2.260992907454966241e-02
1.688963210702341122e-01 2.312066089978088296e-02
1.772575250836120331e-01 2.363188113529013715e-02
1.856187290969899539e-01 2.414339559496146356e-02
1.939799331103678748e-01 2.465501298188929255e-02
2.023411371237457956e-01 2.516654495260014709e-02
2.107023411371237165e-01 2.567780617595076878e-02
2.190635451505016373e-01 2.618861438700677627e-02
2.274247491638795582e-01 2.669879043604175134e-02
2.357859531772574790e-01 2.720815833284021337e-02
2.441471571906353999e-01 2.771654528652153782e-02
2.525083612040133207e-01 2.822378174108436041e-02
2.608695652173912416e-01 2.872970140674907524e-02
2.692307692307691624e-01 2.923414128737080245e-02
2.775919732441470833e-01 2.973694170405646875e-02
2.859531772575250042e-01 3.023794631508835984e-02
2.943143812709029250e-01 3.073700213238706597e-02
3.026755852842808459e-01 3.123395953467469899e-02
3.110367892976588777e-01 3.172867227730729461e-02
3.193979933110367986e-01 3.222099749915906947e-02
3.277591973244147194e-01 3.271079572658718015e-02
3.361204013377926403e-01 3.319793087452965752e-02
3.444816053511705611e-01 3.368227024497871119e-02
3.528428093645484820e-01 3.416368452286758228e-02
3.612040133779264028e-01 3.464204776965125465e-02
3.695652173913043237e-01 3.511723741444312125e-02
3.779264214046822445e-01 3.558913424301416578e-02
3.862876254180601654e-01 3.605762238471258568e-02
3.946488294314380862e-01 3.652258929735376081e-02
4.030100334448160071e-01 3.698392575032349167e-02
4.113712374581939279e-01 3.744152580576937811e-02
4.197324414715718488e-01 3.789528679821753399e-02
4.280936454849497697e-01 3.834510931248978627e-02
4.364548494983276905e-01 3.879089716017803530e-02
4.448160535117056114e-01 3.923255735474295847e-02
4.531772575250835322e-01 3.967000008508708014e-02
4.615384615384614531e-01 4.010313868808449561e-02
4.698996655518393739e-01 4.053188961977753635e-02
4.782608695652172948e-01 4.095617242555132237e-02
4.866220735785953266e-01 4.137590970921591060e-02
4.949832775919732475e-01 4.179102710111789326e-02
5.033444816053511683e-01 4.220145322546645095e-02
5.117056856187289782e-01 4.260711966657376032e-02
5.200668896321070100e-01 4.300796093464091807e-02
5.284280936454848199e-01 4.340391443065479832e-02
5.367892976588628517e-01 4.379492041050546403e-02
5.451505016722406616e-01 4.418092194881317186e-02
5.535117056856186935e-01 4.456186490199090522e-02
5.618729096989965033e-01 4.493769787088819356e-02
5.702341137123745352e-01 4.530837216296026981e-02
5.785953177257525670e-01 4.567384175405438118e-02
5.869565217391303769e-01 4.603406324991732995e-02
5.953177257525084087e-01 4.638899584732335962e-02
6.036789297658862186e-01 4.673860129497129506e-02
6.120401337792642504e-01 4.708284385416038054e-02
6.204013377926420603e-01 4.742169025933482690e-02
6.287625418060200921e-01 4.775510967835045611e-02
6.371237458193979020e-01 4.808307367287435047e-02
6.454849498327759338e-01 4.840555615859001848e-02
6.538461538461537437e-01 4.872253336524386830e-02
6.622073578595317755e-01 4.903398379693418158e-02
6.705685618729095854e-01 4.933988819231975576e-02
6.789297658862876172e-01 4.964022948497024551e-02
6.872909698996654271e-01 4.993499276350325811e-02
6.956521739130434590e-01 5.022416523237045738e-02
7.040133779264212688e-01 5.050773617240258279e-02
7.123745819397993007e-01 5.078569690158445810e-02
7.207357859531771105e-01 5.105804073607829452e-02
7.290969899665551424e-01 5.132476295156034735e-02
7.374581939799329522e-01 5.158586074475267347e-02
7.458193979933109841e-01 5.184133319493066522e-02
7.541806020066890159e-01 5.209118122623850738e-02
7.625418060200668258e-01 5.233540756998573962e-02
7.709030100334448576e-01 5.257401672724999753e-02
7.792642140468226675e-01 5.280701493193442481e-02
7.876254180602006993e-01 5.303441011415904044e-02
7.959866220735785092e-01 5.325621186406605950e-02
8.043478260869565410e-01 5.347243139595694861e-02
8.127090301003343509e-01 5.368308151283093799e-02
8.210702341137123828e-01 5.388817657133106870e-02
8.294314381270901926e-01 5.408773244723651813e-02
8.377926421404682245e-01 5.428176650134126230e-02
8.461538461538460343e-01 5.447029754565609755e-02
8.545150501672240662e-01 5.410863210621386088e-02
8.628762541806018760e-01 5.329146587076394326e-02
8.712374581939799079e-01 5.248682759185641089e-02
8.795986622073577177e-01 5.169452554891762475e-02
8.879598662207357496e-01 5.091437100360707291e-02
8.963210702341135594e-01 5.014617815430710834e-02
9.046822742474915913e-01 4.938976409174244964e-02
9.130434782608694011e-01 4.864494875462810342e-02
9.214046822742474330e-01 4.791155488630494119e-02
9.297658862876254648e-01 4.718940799228477090e-02
9.381270903010032747e-01 4.647833629802278210e-02
9.464882943143813065e-01 4.577817070756395879e-02
9.548494983277591164e-01 4.508874476280766430e-02
9.632107023411371483e-01 4.440989460347566364e-02
9.715719063545149581e-01 4.374145892757042020e-02
9.799331103678929900e-01 4.308327895228813986e-02
9.882943143812707998e-01 4.243519837584130983e-02
9.966555183946488317e-01 4.179706333990651501e-02
1.005016722408026641e+00 4.116872239234226072e-02
1.013377926421404673e+00 4.055002645054628374e-02
1.021739130434782483e+00 3.994082876548077365e-02
1.030100334448160515e+00 3.934098488630866086e-02
1.038461538461538325e+00 3.875035262540649228e-02
1.046822742474916357e+00 3.816879202395284665e-02
1.055183946488294167e+00 3.759616531812071116e-02
1.063545150501672198e+00 3.703233690561091862e-02
1.071906354515050008e+00 3.647717331289612730e-02
1.080267558528428040e+00 3.593054316291954819e-02
1.088628762541805850e+00 3.539231714302104592e-02
1.096989966555183882e+00 3.486236797373010177e-02
1.105351170568561692e+00 3.434057037788562639e-02
1.113712374581939724e+00 3.382680104999025161e-02
1.122073578595317755e+00 3.332093862631069214e-02
1.130434782608695565e+00 3.282286365548259255e-02
1.138795986622073597e+00 3.233245856905142546e-02
1.147157190635451407e+00 3.184960765310052011e-02
1.155518394648829439e+00 3.137419701989330179e-02
1.163879598662207249e+00 3.090611457999870026e-02
1.172240802675585281e+00 3.044525001492104366e-02
1.180602006688963090e+00 2.999149474994311504e-02
1.188963210702341122e+00 2.954474192772238439e-02
1.197324414715718932e+00 2.910488638175934284e-02
1.205685618729096964e+00 2.867182461067585564e-02
1.214046822742474774e+00 2.824545475277773221e-02
1.222408026755852806e+00 2.782567656071677220e-02
1.230769230769230616e+00 2.741239137697704109e-02
1.239130434782608647e+00 2.700550210916219385e-02
1.247491638795986457e+00 2.660491320609281729e-02
1.255852842809364489e+00 2.621053063412404072e-02
1.264214046822742299e+00 2.582226185338498681e-02
1.272575250836120331e+00 2.544001579506982580e-02
1.280936454849498141e+00 2.506370283850145597e-02
1.289297658862876172e+00 2.469323478866414234e-02
1.297658862876254204e+00 2.432852485402747789e-02
1.306020066889632014e+00 2.396948762466877270e-02
1.314381270903010046e+00 2.361603905071518739e-02
1.322742474916387856e+00 2.326809642115534871e-02
1.331103678929765888e+00 2.292557834273623030e-02
1.339464882943143698e+00 2.258840471909451253e-02
1.347826086956521729e+00 2.225649673050611455e-02
1.356187290969899539e+00 2.192977681364283171e-02
1.364548494983277571e+00 2.160816864152081962e-02
1.372909698996655381e+00 2.129159710378303316e-02
1.381270903010033413e+00 2.097998828733693699e-02
1.389632107023411223e+00 2.067326945709879737e-02
1.397993311036789255e+00 2.037136903695113688e-02
1.406354515050167064e+00 2.007421659101993328e-02
1.414715719063545096e+00 1.978174280515077044e-02
1.423076923076922906e+00 1.949387946847735975e-02
1.431438127090300938e+00 1.921055945543059806e-02
1.439799331103678748e+00 1.893171670777604731e-02
1.448160535117056780e+00 1.865728621687878785e-02
1.456521739130434590e+00 1.838720400620275086e-02
1.464882943143812621e+00 1.812140711400189730e-02
1.473244147157190653e+00 1.785983357619613798e-02
1.481605351170568463e+00 1.760242240934672964e-02
1.489966555183946495e+00 1.734911359402246944e-02
1.498327759197324305e+00 1.709984805799535934e-02
1.506688963210702337e+00 1.685456765994786110e-02
1.515050167224080369e+00 1.661321517327962738e-02
1.523411371237457956e+00 1.637573426980765134e-02
1.531772575250835988e+00 1.614206950383589856e-02
1.540133779264214020e+00 1.591216629664415905e-02
1.548494983277592052e+00 1.568597092040135976e-02
1.556856187290969640e+00 1.546343048309495316e-02
1.565217391304347672e+00 1.524449291300555842e-02
1.573578595317725703e+00 1.502910694334502750e-02
1.581939799331103735e+00 1.481722209750557795e-02
1.590301003344481323e+00 1.460878867388260005e-02
1.598662207357859355e+00 1.440375773125879277e-02
1.607023411371237387e+00 1.420208107399645314e-02
1.615384615384615419e+00 1.400371123760635328e-02
1.623745819397993007e+00 1.380860147440898800e-02
1.632107023411371038e+00 1.361670573905371384e-02
1.640468227424749070e+00 1.342797867468448203e-02
1.648829431438127102e+00 1.324237559874319459e-02
1.657190635451505134e+00 1.305985248899332873e-02
1.665551839464882722e+00 1.288036597009067918e-02
1.673913043478260754e+00 1.270387329972777479e-02
1.682274247491638786e+00 1.253033235506961773e-02
1.690635451505016817e+00 1.235970161962995917e-02
1.698996655518394405e+00 1.219194016992730667e-02
1.707357859531772437e+00 1.202700766233277818e-02
1.715719063545150469e+00 1.186486432013111880e-02
1.724080267558528501e+00 1.170547092073093154e-02
1.732441471571906089e+00 1.154878878296017319e-02
1.740802675585284121e+00 1.139477975442559909e-02
1.749163879598662152e+00 1.124340619927011176e-02
1.757525083612040184e+00 1.109463098578089557e-02
1.765886287625417772e+00 1.094841747435282286e-02
1.774247491638795804e+00 1.080472950538791110e-02
1.782608695652173836e+00 1.066353138772058173e-02
1.790969899665551868e+00 1.052478788690791589e-02
1.799331103678929455e+00 1.038846421368333495e-02
1.807692307692307487e+00 1.025452601275844700e-02
1.816053511705685519e+00 1.012293935174568560e-02
1.824414715719063551e+00 9.993670710137791957e-03
1.832775919732441583e+00 9.866686968663884727e-03
1.841137123745819171e+00 9.741955398801849242e-03
1.849498327759197203e+00 9.619443652354675578e-03
1.857859531772575234e+00 9.499119751495754826e-03
1.866220735785953266e+00 9.380952078707593955e-03
1.874581939799330854e+00 9.264909367317386568e-03
1.882943143812708886e+00 9.150960691975740247e-03
1.891304347826086918e+00 9.039075459511991539e-03
1.899665551839464950e+00 8.929223400059527194e-03
1.908026755852842538e+00 8.821374558365846497e-03
1.916387959866220569e+00 8.715499285337102719e-03
1.924749163879598601e+00 8.611568230108446187e-03
1.933110367892976633e+00 8.509552332235159611e-03
1.941471571906354221e+00 8.409422813798528296e-03
1.949832775919732253e+00 8.311151172648578722e-03
1.958193979933110285e+00 8.214709175391021745e-03
1.966555183946488317e+00 8.120068850473671773e-03
1.974916387959865904e+00 8.027202482267625783e-03
1.983277591973243936e+00 7.936082605084493480e-03
1.991638795986621968e+00 7.846681997563109690e-03
2.000000000000000000e+00 7.802408123656991157e-03
