-5.000000000000000000e-01 0.000000000000000000e+00
-4.916387959866220791e-01 8.648312725857829236e-08
-4.832775919732441583e-01 6.854089516198431475e-07
-4.749163879598662374e-01 2.291667061761451556e-06
-4.665551839464883166e-01 5.381399936538682917e-06
-4.581939799331103957e-01 1.041243727150636374e-05
-4.498327759197324749e-01 1.782472212640436569e-05
-4.414715719063544985e-01 2.804072902580779969e-05
-4.331103678929765777e-01 4.146587414314525558e-05
-4.247491638795986568e-01 5.848891769632220608e-05
-4.163879598662207360e-01 7.948235868130175061e-05
-4.080267558528428151e-01 1.048028220680172868e-04
-3.996655518394648943e-01 1.347914385812519001e-04
-3.913043478260869734e-01 1.697742171870227654e-04
-3.829431438127090526e-01 2.100624104034735842e-04
-3.745819397993310762e-01 2.559528725534740185e-04
-3.662207357859531554e-01 3.077284110737556612e-04
-3.578595317725752345e-01 3.656581309946641055e-04
-3.494983277591973136e-01 4.299977727023039393e-04
-3.411371237458193928e-01 5.009900430927347699e-04
-3.327759197324414719e-01 5.788649402272031752e-04
-3.244147157190635511e-01 6.638400715949191889e-04
-3.160535117056856302e-01 7.561209660891111527e-04
-3.076923076923077094e-01 8.559013797988633153e-04
-2.993311036789297885e-01 9.633635957195990423e-04
-2.909698996655518677e-01 1.078678717483114386e-03
-2.826086956521739468e-01 1.202006957204525750e-03
-2.742474916387960260e-01 1.333497917544381513e-03
-2.658862876254181051e-01 1.473290868082917328e-03
-2.575250836120401843e-01 1.621515016099150898e-03
-2.491638795986622079e-01 1.778289771847381536e-03
-2.408026755852842871e-01 1.943725008426537126e-03
-2.324414715719063662e-01 2.117921316327627760e-03
-2.240802675585284454e-01 2.300970252749700348e-03
-2.157190635451505245e-01 2.492954585774031194e-03
-2.073578595317726037e-01 2.693948533480509163e-03
-1.989966555183946828e-01 2.904017998090386004e-03
-1.906354515050167620e-01 3.123220795218403182e-03
-1.822742474916387856e-01 3.351606878320006165e-03
-1.739130434782608647e-01 3.589218558414005930e-03
-1.655518394648829439e-01 3.836090719150081832e-03
-1.571906354515050230e-01 4.092251027317644549e-03
-1.488294314381271022e-01 4.357720138860043946e-03
-1.404682274247491813e-01 4.632511900468263069e-03
-1.321070234113712605e-01 4.916633546842086484e-03
-1.237458193979933396e-01 5.210085893680499111e-03
-1.153846153846154188e-01 5.512863526477978192e-03
-1.070234113712374979e-01 5.824954985197096022e-03
-9.866220735785957707e-02 6.146342944890212899e-03
-9.030100334448160071e-02 6.477004392335630745e-03
-8.193979933110367986e-02 6.816910798761906254e-03
-7.357859531772575901e-02 7.166028288715845136e-03
-6.521739130434783815e-02 7.524317805162041191e-03
-5.685618729096991730e-02 7.891735270849338166e-03
-4.849498327759199645e-02 8.268231746030838686e-03
-4.013377926421407560e-02 8.653753582600820157e-03
-3.177257525083615475e-02 9.048242574687169124e-03
-2.341137123745823390e-02 9.451636105793016079e-03
-1.505016722408031304e-02 9.863867292515832857e-03
-6.688963210702336681e-03 1.028486512493064983e-02
1.672240802675584170e-03 1.071455460368683776e-02
1.003344481605350502e-02 1.115285687384034823e-02
1.839464882943142587e-02 1.159968935556228084e-02
2.675585284280934673e-02 1.205496587168401745e-02
3.511705685618726758e-02 1.251859677218612917e-02
4.347826086956518843e-02 1.299048905569804777e-02
5.183946488294310928e-02 1.347054648801166918e-02
6.020066889632103013e-02 1.395866971770248592e-02
6.856187290969895098e-02 1.445475638888838246e-02
7.692307692307687184e-02 1.495870125119378932e-02
8.528428093645479269e-02 1.547039626695837118e-02
9.364548494983271354e-02 1.598973071573170368e-02
1.020066889632106344e-01 1.651659129611773164e-02
1.103678929765885552e-01 1.705086222501906584e-02
1.187290969899664761e-01 1.759242533430054739e-02
1.270903010033445080e-01 1.814116016495737754e-02
1.354515050167224288e-01 1.869694405880571730e-02
1.438127090301003497e-01 1.925965224773971973e-02
1.521739130434782705e-01 1.982915794061278561e-02
1.605351170568561914e-01 2.040533240781352078e-02
1.688963210702341122e-01 2.098804506349555982e-02
1.772575250836120331e-01 2.157716354559450003e-02
1.856187290969899539e-01 2.217255379361891127e-02
1.939799331103678748e-01 2.277408012428281531e-02
2.023411371237457956e-01 2.338160530501792733e-02
2.107023411371237165e-01 2.399499062536081598e-02
2.190635451505016373e-01 2.461409596635226460e-02
2.274247491638795582e-01 2.523877986788109970e-02
2.357859531772574790e-01 2.586889959407933509e-02
2.441471571906353999e-01 2.650431119679179728e-02
2.525083612040133207e-01 2.714486957712618567e-02
2.608695652173912416e-01 2.779042854516898878e-02
2.692307692307691624e-01 2.844084087789516477e-02
2.775919732441470833e-01 2.909595837526366552e-02
2.859531772575250042e-01 2.975563191453637832e-02
2.943143812709029250e-01 3.041971150300970192e-02
3.026755852842808459e-01 3.108804632892956180e-02
3.110367892976588777e-01 3.176048481080425562e-02
3.193979933110367986e-01 3.243687464517260727e-02
3.277591973244147194e-01 3.311706285270356320e-02
3.361204013377926403e-01 3.380089582286018718e-02
3.444816053511705611e-01 3.448821935692285984e-02
3.528428093645484820e-01 3.517887870964145347e-02
3.612040133779264028e-01 3.587271862945671380e-02
3.695652173913043237e-01 3.656958339718816703e-02
3.779264214046822445e-01 3.726931686346754424e-02
3.862876254180601654e-01 3.797176248482222322e-02
3.946488294314380862e-01 3.867676335832220813e-02
4.030100334448160071e-01 3.938416225507140878e-02
4.113712374581939279e-01 4.009380165243546512e-02
4.197324414715718488e-01 4.080552376491865946e-02
4.280936454849497697e-01 4.151917057404197475e-02
4.364548494983276905e-01 4.223458385691613443e-02
4.448160535117056114e-01 4.295160521371094164e-02
4.531772575250835322e-01 4.367007609411166502e-02
4.615384615384614531e-01 4.438983782259867117e-02
4.698996655518393739e-01 4.511073162268094267e-02
4.782608695652172948e-01 4.583259864026897196e-02
4.866220735785953266e-01 4.655527996592956352e-02
4.949832775919732475e-01 4.727861665614415537e-02
5.033444816053511683e-01 4.800244975388236884e-02
5.117056856187289782e-01 4.872662030799167210e-02
5.200668896321070100e-01 4.945096939193121405e-02
5.284280936454848199e-01 5.017533812164980817e-02
5.367892976588628517e-01 5.089956767255610776e-02
5.451505016722406616e-01 5.162349929578494839e-02
5.535117056856186935e-01 5.234697433378730086e-02
5.618729096989965033e-01 5.306983423509582104e-02
5.702341137123745352e-01 5.379192056842298925e-02
5.785953177257525670e-01 5.451307503626140472e-02
5.869565217391303769e-01 5.523313948761652409e-02
5.953177257525084087e-01 5.595195593037192300e-02
6.036789297658862186e-01 5.666936654291308134e-02
6.120401337792642504e-01 5.738521368533167077e-02
6.204013377926420603e-01 5.809933991024317929e-02
6.287625418060200921e-01 5.881158797285145762e-02
6.371237458193979020e-01 5.952180084069826072e-02
6.454849498327759338e-01 6.022982170324219647e-02
6.538461538461537437e-01 6.093549398069993822e-02
6.622073578595317755e-01 6.163866133277659531e-02
6.705685618729095854e-01 6.233916766701567275e-02
6.789297658862876172e-01 6.303685714695579645e-02
6.872909698996654271e-01 6.373157419990152506e-02
6.956521739130434590e-01 6.442316352462147677e-02
7.040133779264212688e-01 6.511147009884556136e-02
7.123745819397993007e-01 6.579633918654544111e-02
7.207357859531771105e-01 6.647761634525654884e-02
7.290969899665551424e-01 6.715514743319332680e-02
7.374581939799329522e-01 6.782877861644479034e-02
7.458193979933109841e-01 6.849835637606420391e-02
7.541806020066890159e-01 6.916372751535053431e-02
7.625418060200668258e-01 6.982473916713172191e-02
7.709030100334448576e-01 7.048123880099782523e-02
7.792642140468226675e-01 7.113307423109085925e-02
7.876254180602006993e-01 7.178009362373410918e-02
7.959866220735785092e-01 7.242214550536520135e-02
8.043478260869565410e-01 7.305907877102982284e-02
8.127090301003343509e-01 7.369074269271751187e-02
8.210702341137123828e-01 7.431698692833423048e-02
8.294314381270901926e-01 7.493766153125014373e-02
8.377926421404682245e-01 7.555261696002546490e-02
8.461538461538460343e-01 7.616170408838934813e-02
8.545150501672240662e-01 7.599968245693133895e-02
8.628762541806018760e-01 7.518962493672631808e-02
8.712374581939799079e-01 7.438614831356460400e-02
8.795986622073577177e-01 7.358918855084795041e-02
8.879598662207357496e-01 7.279868235529107778e-02
8.963210702341135594e-01 7.201456717586296463e-02
9.046822742474915913e-01 7.123678120214549381e-02
9.130434782608694011e-01 7.046526336327474382e-02
9.214046822742474330e-01 6.969995332688938561e-02
9.297658862876254648e-01 6.894079149842013976e-02
9.381270903010032747e-01 6.818771902000975160e-02
9.464882943143813065e-01 6.744067777009377096e-02
9.548494983277591164e-01 6.669961036293869938e-02
9.632107023411371483e-01 6.596446014803802882e-02
9.715719063545149581e-01 6.523517121002697650e-02
9.799331103678929900e-01 6.451168836865406320e-02
9.882943143812707998e-01 6.379395717853242331e-02
9.966555183946488317e-01 6.308192392947375993e-02
1.005016722408026641e+00 6.237553564668729678e-02
1.013377926421404673e+00 6.167474009116347133e-02
1.021739130434782483e+00 6.097948576010026045e-02
1.030100334448160515e+00 6.028972188754977424e-02
1.038461538461538325e+00 5.960539844519985309e-02
1.046822742474916357e+00 5.892646614313434839e-02
1.055183946488294167e+00 5.825287643082077693e-02
1.063545150501672198e+00 5.758458149812639704e-02
1.071906354515050008e+00 5.692153427644086605e-02
1.080267558528428040e+00 5.626368843997653357e-02
1.088628762541805850e+00 5.561099840716110521e-02
1.096989966555183882e+00 5.496341934196635748e-02
1.105351170568561692e+00 5.432090715537896131e-02
1.113712374581939724e+00 5.368341850724078768e-02
1.122073578595317755e+00 5.305091080771973111e-02
1.130434782608695565e+00 5.242334221912869907e-02
1.138795986622073597e+00 5.180067165765223081e-02
1.147157190635451407e+00 5.118285879541417671e-02
1.155518394648829439e+00 5.056986406230379316e-02
1.163879598662207249e+00 4.996164864783025905e-02
1.172240802675585281e+00 4.935817450336799084e-02
1.180602006688963090e+00 4.875940434408931878e-02
1.188963210702341122e+00 4.816530165103216632e-02
1.197324414715718932e+00 4.757583067326720538e-02
1.205685618729096964e+00 4.699095642980211096e-02
1.214046822742474774e+00 4.641064471196898467e-02
1.222408026755852806e+00 4.583486208539966356e-02
1.230769230769230616e+00 4.526357589191576380e-02
1.239130434782608647e+00 4.469675425188057716e-02
1.247491638795986457e+00 4.413436606596121692e-02
1.255852842809364489e+00 4.357638101719629731e-02
1.264214046822742299e+00 4.302276957274386859e-02
1.272575250836120331e+00 4.247350298586383133e-02
1.280936454849498141e+00 4.192855329757350091e-02
1.289297658862876172e+00 4.138789333818948535e-02
1.297658862876254204e+00 4.085149672874166527e-02
1.306020066889632014e+00 4.031933788252217710e-02
1.314381270903010046e+00 3.979139200625780859e-02
1.322742474916387856e+00 3.926763510101949350e-02
1.331103678929765888e+00 3.874804396319575517e-02
1.339464882943143698e+00 3.823259618509666780e-02
1.347826086956521729e+00 3.772127015548676354e-02
1.356187290969899539e+00 3.721404505969161391e-02
1.364548494983277571e+00 3.671090087963335691e-02
1.372909698996655381e+00 3.621181839347542564e-02
1.381270903010033413e+00 3.571677917503990329e-02
1.389632107023411223e+00 3.522576559291223930e-02
1.397993311036789255e+00 3.473876080917648324e-02
1.406354515050167064e+00 3.425574877777393112e-02
1.414715719063545096e+00 3.377671424255623833e-02
1.423076923076922906e+00 3.330164273484825799e-02
1.431438127090300938e+00 3.283052057074797858e-02
1.439799331103678748e+00 3.236333484777986769e-02
1.448160535117056780e+00 3.190007344117873345e-02
1.456521739130434590e+00 3.144072499958383560e-02
1.464882943143812621e+00 3.098527894051983367e-02
1.473244147157190653e+00 3.053372544479060480e-02
1.481605351170568463e+00 3.008605545074516385e-02
1.489966555183946495e+00 2.964226064799646565e-02
1.498327759197324305e+00 2.920233346988965195e-02
1.506688963210702337e+00 2.876626708606266902e-02
1.515050167224080369e+00 2.833405539388422767e-02
1.523411371237457956e+00 2.790569300933753993e-02
1.531772575250835988e+00 2.748117525710114251e-02
1.540133779264214020e+00 2.706049815991917740e-02
1.548494983277592052e+00 2.664365842701243992e-02
1.556856187290969640e+00 2.623065344207020644e-02
1.565217391304347672e+00 2.582148124992045268e-02
1.573578595317725703e+00 2.541614054256768895e-02
1.581939799331103735e+00 2.501463064442077666e-02
1.590301003344481323e+00 2.461695149639098190e-02
1.598662207357859355e+00 2.422310363908763975e-02
1.607023411371237387e+00 2.383308819515406185e-02
1.615384615384615419e+00 2.344690685067263303e-02
1.623745819397993007e+00 2.306456183507776814e-02
1.632107023411371038e+00 2.268605590058569987e-02
1.640468227424749070e+00 2.231139230038081678e-02
1.648829431438127102e+00 2.194057476555144603e-02
1.657190635451505134e+00 2.157360748108771986e-02
1.665551839464882722e+00 2.121049506085626035e-02
1.673913043478260754e+00 2.085124252111114629e-02
1.682274247491638786e+00 2.049585525325881008e-02
1.690635451505016817e+00 2.014433899530843064e-02
1.698996655518394405e+00 1.979669980209308733e-02
1.707357859531772437e+00 1.945294401436115095e-02
1.715719063545150469e+00 1.911307822683028235e-02
1.724080267558528501e+00 1.877710925499087580e-02
1.732441471571906089e+00 1.844504410074421230e-02
1.740802675585284121e+00 1.811688991693216622e-02
1.749163879598662152e+00 1.779265397067320009e-02
1.757525083612040184e+00 1.747234360565386169e-02
1.765886287625417772e+00 1.715596620323367461e-02
1.774247491638795804e+00 1.684352914252684741e-02
1.782608695652173836e+00 1.653503975952475002e-02
1.790969899665551868e+00 1.623050530488967524e-02
1.799331103678929455e+00 1.592993290100253034e-02
1.807692307692307487e+00 1.563332949827156426e-02
1.816053511705685519e+00 1.534070183000579846e-02
1.824414715719063551e+00 1.505205636673423442e-02
1.832775919732441583e+00 1.476739926988557272e-02
1.841137123745819171e+00 1.448673634456554282e-02
1.849498327759197203e+00 1.421007299143184355e-02
1.857859531772575234e+00 1.393741415851934562e-02
1.866220735785953266e+00 1.366876429205632348e-02
1.874581939799330854e+00 1.340412728718121116e-02
1.882943143812708886e+00 1.314350643813355646e-02
1.891304347826086918e+00 1.288690438808970384e-02
1.899665551839464950e+00 1.263432307932532694e-02
1.908026755852842538e+00 1.238576370292321371e-02
1.916387959866220569e+00 1.214122664836025933e-02
1.924749163879598601e+00 1.190071145409632436e-02
1.933110367892976633e+00 1.166421675779361067e-02
1.941471571906354221e+00 1.143174024700499558e-02
1.949832775919732253e+00 1.120327861077896614e-02
1.958193979933110285e+00 1.097882749189693641e-02
1.966555183946488317e+00 1.075838143984242379e-02
1.974916387959865904e+00 1.054193386480761774e-02
1.983277591973243936e+00 1.032947699306419054e-02
1.991638795986621968e+00 1.012100182342834387e-02
2.000000000000000000e+00 1.001775846095492514e-02
