-5.000000000000000000e-01 0.000000000000000000e+00
-4.916387959866220791e-01 1.495118119415802719e-07
-4.832775919732441583e-01 1.177837013140785857e-06
-4.749163879598662374e-01 3.914523809770462687e-06
-4.665551839464883166e-01 9.137247187595435910e-06
-4.581939799331103957e-01 1.757380901126859326e-05
-4.498327759197324749e-01 2.990407663594027662e-05
-4.414715719063544985e-01 4.676186168237857546e-05
-4.331103678929765777e-01 6.873674058632279072e-05
-4.247491638795986568e-01 9.637581849313279255e-05
-4.163879598662207360e-01 1.301854380302766296e-04
-4.080267558528428151e-01 1.706328344522255137e-04
-3.996655518394648943e-01 2.181477386156373992e-04
-3.913043478260869734e-01 2.731239292065315506e-04
-3.829431438127090526e-01 3.359207356058561988e-04
-3.745819397993310762e-01 4.068644927457567943e-04
-3.662207357859531554e-01 4.862499492749002895e-04
-3.578595317725752345e-01 5.743416303185870609e-04
-3.494983277591973136e-01 6.713751560871263936e-04
-3.411371237458193928e-01 7.775585175552309023e-04
-3.327759197324414719e-01 8.930733104036163092e-04
-3.244147157190635511e-01 1.018075928384686198e-03
-3.160535117056856302e-01 1.152698717245545252e-03
-3.076923076923077094e-01 1.297051090311939587e-03
-2.993311036789297885e-01 1.451220606809625795e-03
-2.909698996655518677e-01 1.615274013972254870e-03
-2.826086956521739468e-01 1.789258253958633587e-03
-2.742474916387960260e-01 1.973201436576484547e-03
-2.658862876254181051e-01 2.167113778782284780e-03
-2.575250836120401843e-01 2.370988511906395400e-03
-2.491638795986622079e-01 2.584802757524898471e-03
-2.408026755852842871e-01 2.808518372876451803e-03
-2.324414715719063662e-01 3.042082766700915201e-03
-2.240802675585284454e-01 3.285429686353787473e-03
-2.157190635451505245e-01 3.538479977027165092e-03
-2.073578595317726037e-01 3.801142313889841178e-03
-1.989966555183946828e-01 4.073313907930129797e-03
-1.906354515050167620e-01 4.354881186276789683e-03
-1.822742474916387856e-01 4.645720447746051925e-03
-1.739130434782608647e-01 4.945698494338818252e-03
-1.655518394648829439e-01 5.254673239406522020e-03
-1.571906354515050230e-01 5.572494293172063767e-03
-1.488294314381271022e-01 5.899003526281943258e-03
-1.404682274247491813e-01 6.234035612046391617e-03
-1.321070234113712605e-01 6.577418548006312010e-03
-1.237458193979933396e-01 6.928974157450984613e-03
-1.153846153846154188e-01 7.288518571485611344e-03
-1.070234113712374979e-01 7.655862692250916569e-03
-9.866220735785957707e-02 8.030812637857695502e-03
-9.030100334448160071e-02 8.413170169601594250e-03
-8.193979933110367986e-02 8.802733102005182164e-03
-7.357859531772575901e-02 9.199295696202515471e-03
-6.521739130434783815e-02 9.602649037205297430e-03
-5.685618729096991730e-02 1.001258139553227490e-02
-4.849498327759199645e-02 1.042887857369615215e-02
-4.013377926421407560e-02 1.085132423803050056e-02
-3.177257525083615475e-02 1.127970023630871926e-02
-2.341137123745823390e-02 1.171378690161638432e-02
-1.505016722408031304e-02 1.215336334289371725e-02
-6.688963210702336681e-03 1.259820772261063815e-02
1.672240802675584170e-03 1.304809752195149573e-02
1.003344481605350502e-02 1.350280979391399808e-02
1.839464882943142587e-02 1.396212140476720334e-02
2.675585284280934673e-02 1.442580926417896640e-02
3.511705685618726758e-02 1.489365054441741353e-02
4.347826086956518843e-02 1.536542288899257931e-02
5.183946488294310928e-02 1.584090461108171588e-02
6.020066889632103013e-02 1.631987488207815168e-02
6.856187290969895098e-02 1.680211391058200956e-02
7.692307692307687184e-02 1.728740311217452988e-02
8.528428093645479269e-02 1.777552527030292623e-02
9.364548494983271354e-02 1.826626468852105001e-02
1.020066889632106344e-01 1.875940733443875671e-02
1.103678929765885552e-01 1.925474097566493709e-02
1.187290969899664761e-01 1.975205530798073220e-02
1.270903010033445080e-01 2.025114207603863695e-02
1.354515050167224288e-01 2.075179518688758870e-02
1.438127090301003497e-01 2.125381081649945630e-02
1.521739130434782705e-01 2.175698750961737801e-02
1.605351170568561914e-01 2.226112627315064013e-02
1.688963210702341122e-01 2.276603066330333200e-02
1.772575250836120331e-01 2.327150686674516952e-02
1.856187290969899539e-01 2.377736377597348266e-02
1.939799331103678748e-01 2.428341305913798986e-02
2.023411371237457956e-01 2.478946922446937859e-02
2.107023411371237165e-01 2.529534967958033814e-02
2.190635451505016373e-01 2.580087478581111898e-02
2.274247491638795582e-01 2.630586790781807432e-02
2.357859531772574790e-01 2.681015545854908630e-02
2.441471571906353999e-01 2.731356693981977501e-02
2.525083612040133207e-01 2.781593497868936268e-02
2.608695652173912416e-01 2.831709535974707981e-02
2.692307692307691624e-01 2.881688705355279698e-02
2.775919732441470833e-01 2.931515224125213342e-02
2.859531772575250042e-01 2.981173633568681008e-02
2.943143812709029250e-01 3.030648799904444787e-02
3.026755852842808459e-01 3.079925915719781970e-02
3.110367892976588777e-01 3.128990501097328458e-02
3.193979933110367986e-01 3.177828404426750325e-02
3.277591973244147194e-01 3.226425802941422505e-02
3.361204013377926403e-01 3.274769202974343874e-02
3.444816053511705611e-01 3.322845439951387092e-02
3.528428093645484820e-01 3.370641678133730335e-02
3.612040133779264028e-01 3.418145410119863281e-02
3.695652173913043237e-01 3.465344456121986078e-02
3.779264214046822445e-01 3.512226963021129050e-02
3.862876254180601654e-01 3.558781403221757816e-02
3.946488294314380862e-01 3.604996573305906810e-02
4.030100334448160071e-01 3.650861592495571739e-02
4.113712374581939279e-01 3.696365900950467770e-02
4.197324414715718488e-01 3.741499257887623275e-02
4.280936454849497697e-01 3.786251739543421146e-02
4.364548494983276905e-01 3.830613736993759844e-02
4.448160535117056114e-01 3.874575953817160218e-02
4.531772575250835322e-01 3.918129403638484498e-02
4.615384615384614531e-01 3.961265407543514139e-02
4.698996655518393739e-01 4.003975591365808301e-02
4.782608695652172948e-01 4.046251882870605110e-02
4.866220735785953266e-01 4.088086508840670097e-02
4.949832775919732475e-01 4.129471992049447288e-02
5.033444816053511683e-01 4.170401148150699316e-02
5.117056856187289782e-01 4.210867082492628782e-02
5.200668896321070100e-01 4.250863186843411440e-02
5.284280936454848199e-01 4.290383136036731576e-02
5.367892976588628517e-01 4.329420884580750112e-02
5.451505016722406616e-01 4.367970663170600565e-02
5.535117056856186935e-01 4.406026975160538123e-02
5.618729096989965033e-01 4.443584593001419919e-02
5.702341137123745352e-01 4.480638554596627632e-02
5.785953177257525670e-01 4.517184159656707082e-02
5.869565217391303769e-01 4.553216965988031439e-02
5.953177257525084087e-01 4.588732785756352572e-02
6.036789297658862186e-01 4.623727681741843926e-02
6.120401337792642504e-01 4.658197963545430281e-02
6.204013377926420603e-01 4.692140183779984486e-02
6.287625418060200921e-01 4.725551134263741154e-02
6.371237458193979020e-01 4.758427842186508522e-02
6.454849498327759338e-01 4.790767566267236516e-02
6.538461538461537437e-01 4.822567792915324197e-02
6.622073578595317755e-01 4.853826232371978577e-02
6.705685618729095854e-01 4.884540814880140858e-02
6.789297658862876172e-01 4.914709686835578434e-02
6.872909698996654271e-01 4.944331206956086022e-02
6.956521739130434590e-01 4.973403942462117922e-02
7.040133779264212688e-01 5.001926665253545595e-02
7.123745819397993007e-01 5.029898348125969726e-02
7.207357859531771105e-01 5.057318160984401040e-02
7.290969899665551424e-01 5.084185467093867150e-02
7.374581939799329522e-01 5.110499819331168481e-02
7.458193979933109841e-01 5.136260956479368756e-02
7.541806020066890159e-01 5.161468799551436476e-02
7.625418060200668258e-01 5.186123448109941636e-02
7.709030100334448576e-01 5.210225176661158891e-02
7.792642140468226675e-01 5.233774431051891468e-02
7.876254180602006993e-01 5.256771824900917378e-02
7.959866220735785092e-01 5.279218136086843982e-02
8.043478260869565410e-01 5.301114303243623094e-02
8.127090301003343509e-01 5.322461422324883257e-02
8.210702341137123828e-01 5.343260743173407212e-02
8.294314381270901926e-01 5.363513666163956944e-02
8.377926421404682245e-01 5.383221738881508595e-02
8.461538461538460343e-01 5.402386652813567780e-02
8.545150501672240662e-01 5.366980637288776279e-02
8.628762541806018760e-01 5.286383104449754455e-02
8.712374581939799079e-01 5.207013669922133658e-02
8.795986622073577177e-01 5.128853642255393197e-02
8.879598662207357496e-01 5.051884619114588304e-02
8.963210702341135594e-01 4.976088482919749367e-02
9.046822742474915913e-01 4.901447396529334810e-02
9.130434782608694011e-01 4.827943798994738245e-02
9.214046822742474330e-01 4.755560401393665870e-02
9.297658862876254648e-01 4.684280182695488293e-02
9.381270903010032747e-01 4.614086385723226158e-02
9.464882943143813065e-01 4.544962513173800289e-02
9.548494983277591164e-01 4.476892323675230045e-02
9.632107023411371483e-01 4.409859827904938356e-02
9.715719063545149581e-01 4.343849284816769796e-02
9.799331103678929900e-01 4.278845197874403539e-02
9.882943143812707998e-01 4.214832311343741367e-02
9.966555183946488317e-01 4.151795606670560801e-02
1.005016722408026641e+00 4.089720298901511342e-02
1.013377926421404673e+00 4.028591833151295987e-02
1.021739130434782483e+00 3.968395881126696167e-02
1.030100334448160515e+00 3.909118337711703361e-02
1.038461538461538325e+00 3.850745317604520324e-02
1.046822742474916357e+00 3.793263151982273484e-02
1.055183946488294167e+00 3.736658385250279935e-02
1.063545150501672198e+00 3.680917771824709916e-02
1.071906354515050008e+00 3.626028272938697228e-02
1.080267558528428040e+00 3.571977053554320491e-02
1.088628762541805850e+00 3.518751479279558225e-02
1.096989966555183882e+00 3.466339113309402364e-02
1.105351170568561692e+00 3.414727713483500793e-02
1.113712374581939724e+00 3.363905229330299562e-02
1.122073578595317755e+00 3.313859799167317988e-02
1.130434782608695565e+00 3.264579747251872277e-02
1.138795986622073597e+00 3.216053580975142268e-02
1.147157190635451407e+00 3.168269988106686696e-02
1.155518394648829439e+00 3.121217834031142502e-02
1.163879598662207249e+00 3.074886159095768789e-02
1.172240802675585281e+00 3.029264175953017002e-02
1.180602006688963090e+00 2.984341266937917680e-02
1.188963210702341122e+00 2.940106981512968787e-02
1.197324414715718932e+00 2.896551033730787594e-02
1.205685618729096964e+00 2.853663299728026459e-02
1.214046822742474774e+00 2.811433815267605496e-02
1.222408026755852806e+00 2.769852773328551621e-02
1.230769230769230616e+00 2.728910521673810763e-02
1.239130434782608647e+00 2.688597560534589093e-02
1.247491638795986457e+00 2.648904540263430363e-02
1.255852842809364489e+00 2.609822259042005044e-02
1.264214046822742299e+00 2.571341660632953108e-02
1.272575250836120331e+00 2.533453832118226501e-02
1.280936454849498141e+00 2.496150001737618140e-02
1.289297658862876172e+00 2.459421536709527345e-02
1.297658862876254204e+00 2.423259941064515033e-02
1.306020066889632014e+00 2.387656853569808391e-02
1.314381270903010046e+00 2.352604045630357632e-02
1.322742474916387856e+00 2.318093419221867180e-02
1.331103678929765888e+00 2.284117004879959723e-02
1.339464882943143698e+00 2.250666959685787560e-02
1.347826086956521729e+00 2.217735565299960854e-02
1.356187290969899539e+00 2.185315226008555101e-02
1.364548494983277571e+00 2.153398466769829156e-02
1.372909698996655381e+00 2.121977931354024349e-02
1.381270903010033413e+00 2.091046380441241581e-02
1.389632107023411223e+00 2.060596689745608501e-02
1.397993311036789255e+00 2.030621848224711812e-02
1.406354515050167064e+00 2.001114956228633446e-02
1.414715719063545096e+00 1.972069223722172637e-02
1.423076923076922906e+00 1.943477968519857768e-02
1.431438127090300938e+00 1.915334614520958212e-02
1.439799331103678748e+00 1.887632689994944712e-02
1.448160535117056780e+00 1.860365825865528677e-02
1.456521739130434590e+00 1.833527754007491239e-02
1.464882943143812621e+00 1.807112305579750000e-02
1.473244147157190653e+00 1.781113409371926082e-02
1.481605351170568463e+00 1.755525090164411495e-02
1.489966555183946495e+00 1.730341467103357900e-02
1.498327759197324305e+00 1.705556752086323513e-02
1.506688963210702337e+00 1.681165248194815831e-02
1.515050167224080369e+00 1.657161348106939158e-02
1.523411371237457956e+00 1.633539532536332217e-02
1.531772575250835988e+00 1.610294368693132583e-02
1.540133779264214020e+00 1.587420508763415228e-02
1.548494983277592052e+00 1.564912688373709670e-02
1.556856187290969640e+00 1.542765725113071085e-02
1.565217391304347672e+00 1.520974517042361640e-02
1.573578595317725703e+00 1.499534041204242385e-02
1.581939799331103735e+00 1.478439352180060951e-02
1.590301003344481323e+00 1.457685580639633827e-02
1.598662207357859355e+00 1.437267931900265694e-02
1.607023411371237387e+00 1.417181684507085038e-02
1.615384615384615419e+00 1.397422188829011702e-02
1.623745819397993007e+00 1.377984865657566615e-02
1.632107023411371038e+00 1.358865204817760741e-02
1.640468227424749070e+00 1.340058763787510543e-02
1.648829431438127102e+00 1.321561166351870042e-02
1.657190635451505134e+00 1.303368101241630939e-02
1.665551839464882722e+00 1.285475320801765520e-02
1.673913043478260754e+00 1.267878639651343065e-02
1.682274247491638786e+00 1.250573933373999580e-02
1.690635451505016817e+00 1.233557137209118082e-02
1.698996655518394405e+00 1.216824244777825470e-02
1.707357859531772437e+00 1.200371306787673120e-02
1.715719063545150469e+00 1.184194429747975619e-02
1.724080267558528501e+00 1.168289774749098342e-02
1.732441471571906089e+00 1.152653556191296502e-02
1.740802675585284121e+00 1.137282040550502415e-02
1.749163879598662152e+00 1.122171545193140219e-02
1.757525083612040184e+00 1.107318437128412825e-02
1.765886287625417772e+00 1.092719131841590752e-02
1.774247491638795804e+00 1.078370092110247924e-02
1.782608695652173836e+00 1.064267826840392672e-02
1.790969899665551868e+00 1.050408889918230670e-02
1.799331103678929455e+00 1.036789879061927877e-02
1.807692307692307487e+00 1.023407434728085263e-02
1.816053511705685519e+00 1.010258238991212920e-02
1.824414715719063551e+00 9.973390144693894399e-03
1.832775919732441583e+00 9.846465232463685879e-03
1.841137123745819171e+00 9.721775658299236511e-03
1.849498327759197203e+00 9.599289801123234156e-03
1.857859531772575234e+00 9.478976403613614821e-03
1.866220735785953266e+00 9.360804562383862049e-03
1.874581939799330854e+00 9.244743718205938876e-03
1.882943143812708886e+00 9.130763646410855472e-03
1.891304347826086918e+00 9.018834447800827547e-03
1.899665551839464950e+00 8.908926539511696774e-03
1.908026755852842538e+00 8.801010646216411715e-03
1.916387959866220569e+00 8.695057791669569269e-03
1.924749163879598601e+00 8.591039290273272400e-03
1.933110367892976633e+00 8.488926739147473199e-03
1.941471571906354221e+00 8.388692010420584211e-03
1.949832775919732253e+00 8.290307243733252562e-03
1.958193979933110285e+00 8.193744838919769791e-03
1.966555183946488317e+00 8.098977449357391833e-03
1.974916387959865904e+00 8.005977975336975305e-03
1.983277591973243936e+00 7.914719557732041721e-03
1.991638795986621968e+00 7.825175572115483646e-03
2.000000000000000000e+00 7.780828873752189574e-03
